


|||1388|||||||6178a0
|||1388|||||||6178a4
|||00|||||||617bb4
|||ffffffff92f221f4|||||||6178f8
|||6acb59e9|||||||6178fc
|||00|||||||617900
|||00|||||||617904
|||00|||||||617908
|||00|||||||61790c
|||00|||||||617918
|||47|||||||61791c
|||00|||||||617bc4
|||00|||||||617bc8
|||00|||||||617920
|||02|||||||617924
|||00|||||||617928
|||30d40|||||||61792c
|||00|||||||617930
|||01|||||||617934
|||01|||||||617938
|||00|||||||61793c
|||00|||||||617940
|||00|||||||617944
|||00|||||||617948
|||00|||||||61794c
|||00|||||||617950
|||00|||||||617954
|||00|||||||617958
|||00|||||||61795c
|||00|||||||617960
|||00|||||||617964
|||00|||||||617968
|||00|||||||61796c
|||00|||||||617970


|||1388|||||||616220
|||1388|||||||616224
|||00|||||||616534
|||2cc19007|||||||616278
|||245edbd4|||||||61627c
|||c350|||||||616280
|||00|||||||616284
|||00|||||||616288
|||00|||||||61628c
|||00|||||||616298
|||00|||||||61629c
|||00|||||||616544
|||00|||||||616548
|||00|||||||6162a0
|||00|||||||6162a4
|||00|||||||6162a8
|||00|||||||6162ac
|||00|||||||6162b0
|||00|||||||6162b4
|||00|||||||6162b8
|||00|||||||6162bc
|||00|||||||6162c0
|||00|||||||6162c4
|||00|||||||6162c8
|||00|||||||6162cc
|||00|||||||6162d0
|||00|||||||6162d4
|||00|||||||6162d8
|||00|||||||6162dc
|||00|||||||6162e0
|||00|||||||6162e4
|||00|||||||6162e8
|||00|||||||6162ec
|||00|||||||6162f0