


|||00|||||||131ffd0
|||3da0ae83|||||||131ffd4
|||3a898b75|||||||131ffd8
|||00|||||||131ffdc
|||00|||||||131ffe0
|||3b18809f|||||||131ffe4
|||fffffffffda98f7b|||||||131ffe8
|||01|||||||131ffec
|||4b0|||||||131fff0
|||00|||||||131fff4
|||00|||||||131fff8
|||00|||||||131fffc
|||00|||||||1320000
|||00|||||||1320004
|||00|||||||1320008
|||00|||||||132000c
|||00|||||||1320010
|||00|||||||1320014
|||00|||||||1320018
|||00|||||||132001c
|||00|||||||1320020
|||00|||||||1320024
|||00|||||||1320028
|||00|||||||132002c
|||00|||||||1320030
|||00|||||||1320034
|||00|||||||1320038
|||00|||||||132003c
|||00|||||||1320040
|||00|||||||1320044
|||00|||||||1320048
|||00|||||||132004c
|||00|||||||1320050
|||00|||||||1320054
|||00|||||||1320058
|||00|||||||132005c
|||00|||||||1320060
|||00|||||||1320064
|||00|||||||1320068
|||00|||||||132006c
|||00|||||||1320070