


|||2710|||||||653120
|||00|||||||653124
|||10000|||||||653434
|||ffffffffaea60c93|||||||653178
|||ffffffffd79c1981|||||||65317c
|||ffffffffffffffff|||||||653180
|||00|||||||653184
|||00|||||||653188
|||00|||||||65318c
|||00|||||||653198
|||08|||||||65319c
|||00|||||||653444
|||00|||||||653448
|||00|||||||6531a0
|||00|||||||6531a4
|||64|||||||6531a8
|||00|||||||6531ac
|||00|||||||6531b0
|||00|||||||6531b4
|||00|||||||6531b8
|||00|||||||6531bc
|||00|||||||6531c0
|||00|||||||6531c4
|||00|||||||6531c8
|||00|||||||6531cc
|||00|||||||6531d0
|||00|||||||6531d4
|||00|||||||6531d8
|||00|||||||6531dc
|||00|||||||6531e0
|||00|||||||6531e4
|||00|||||||6531e8
|||00|||||||6531ec
|||32|||||||6531f0


|||2710|||||||6534e0
|||00|||||||6534e4
|||10000|||||||6537f4
|||14084357|||||||653538
|||5c5786b6|||||||65353c
|||ffffffffffffffff|||||||653540
|||00|||||||653544
|||00|||||||653548
|||00|||||||65354c
|||00|||||||653558
|||00|||||||65355c
|||00|||||||653804
|||00|||||||653808
|||00|||||||653560
|||00|||||||653564
|||00|||||||653568
|||00|||||||65356c
|||00|||||||653570
|||00|||||||653574
|||00|||||||653578
|||00|||||||65357c
|||00|||||||653580
|||00|||||||653584
|||00|||||||653588
|||00|||||||65358c
|||00|||||||653590
|||00|||||||653594
|||00|||||||653598
|||00|||||||65359c
|||00|||||||6535a0
|||00|||||||6535a4
|||00|||||||6535a8
|||00|||||||6535ac
|||00|||||||6535b0